query	subject	pident	length	mismatch	gapopen	query_start	query_end	subject_start	subject_end	evalue	bitscore
___SAMEA2030079_contig1	C/TW3/OT	100	1194	0	0	728848	730041	1194	1	0	2206
___SAMEA2030080_contig1	C/TW3/OT	99.816	544	1	0	792328	792871	1194	651	0	1000
___SAMEA2030531_contig1	A/SA-1	99.572	1169	5	0	792017	793185	1169	1	0	2132
___SAMEA2030531_contig1	A/SA-1	98.667	75	1	0	791842	791916	1191	1117	1.11E-30	134
___SAMEA2030531_contig4	L2c	99.899	989	1	0	1	989	1011	23	0	1821
AR_SAMEA1398224_contig1	E/Bour	100	1182	0	0	727495	728676	1182	1	0	2183
AR_SAMEA1398325_contig1	E/Bour	100	1182	0	0	727565	728746	1182	1	0	2183
AR_SAMEA2019790_contig1	E/Bour	100	1182	0	0	791499	792680	1182	1	0	2183
AR_SAMEA2045708_contig1	K/UW31/Cx	100	1194	0	0	791625	792818	1194	1	0	2206
AU_SAMEA1559182_contig1	Ba/Apache2	98.903	1185	13	0	727829	729013	1185	1	0	2117
AU_SAMEA1559238_contig1	C/TW3/OT	99.581	1194	5	0	247369	248562	1194	1	0	2178
AU_SAMEA1559248_contig1	Ba/Apache2	98.903	1185	13	0	735345	736529	1185	1	0	2117
AU_SAMEA1559312_contig1	C/TW3/OT	99.581	1194	5	0	578833	580026	1194	1	0	2178
AU_SAMEA1559314_contig1	C/TW3/OT	99.581	1194	5	0	247330	248523	1194	1	0	2178
AU_SAMEA2191813_contig1	Ba/Apache2	99.747	1185	3	0	732219	733403	1185	1	0	2172
AU_SAMEA2191819_contig1	C/TW3/OT	99.581	1194	5	0	247354	248547	1194	1	0	2178
AU_SAMEA2191820_contig1	C/TW3/OT	99.581	1194	5	0	730339	731532	1194	1	0	2178
AU_SAMEA2191821_contig1	Ba/Apache2	98.903	1185	13	0	940770	941954	1185	1	0	2117
AU_SAMEA3450115_contig1	Ba/Apache2	98.903	1185	13	0	962701	963885	1185	1	0	2117
AU_SAMEA3450116_contig1	Ba/Apache2	98.903	1185	13	0	940655	941839	1185	1	0	2117
AU_SAMEA3450117_contig1	Ba/Apache2	98.903	1185	13	0	247401	248585	1185	1	0	2117
AU_SAMEA3450118_contig1	Ba/Apache2	98.903	1185	13	0	247398	248582	1185	1	0	2117
AU_SAMEA3450120_contig1	Ba/Apache2	98.903	1185	13	0	940656	941840	1185	1	0	2117
CA_SAMEA1527908_contig1	C/TW3/OT	99.916	1194	1	0	886986	888179	1194	1	0	2200
CN_SAMN05991867_contig1	Ba/Apache2	99.662	1185	4	0	945434	946618	1185	1	0	2167
DK_SAMEA2030036_contig1	E/Bour	100	1182	0	0	732567	733748	1182	1	0	2183
ET_343L_contig1	A/SA-1	99.832	1191	2	0	761387	762577	1191	1	0	2189
ET_45S_contig1	C/TW3/OT	99.749	1194	3	0	784293	785486	1194	1	0	2189
ET_736L_contig1	A/SA-1	99.748	1191	3	0	779638	780828	1191	1	0	2183
ET_A_ETH342_contig1	A/SA-1	99.832	1191	2	0	781490	782680	1191	1	0	2189
ET_A_ETH948_contig1	A/SA-1	99.916	1191	1	0	780434	781624	1191	1	0	2194
ET_A10_ETH1047_contig1	A/SA-1	99.916	1191	1	0	780681	781871	1191	1	0	2194
ET_A10_ETH783_contig1	A/SA-1	99.916	1191	1	0	785234	786424	1191	1	0	2194
ET_A5_ETH786_contig1	A/SA-1	99.748	1191	3	0	822440	823630	1191	1	0	2183
ET_M-12_S93_L003_contig1	A/SA-1	99.748	1191	3	0	776383	777573	1191	1	0	2183
ET_SAMEA111348509_contig1	Ba/Apache2	99.662	1185	4	0	792699	793883	1185	1	0	2167
ET_SAMEA111348510_contig1	Ba/Apache2	99.662	1185	4	0	792916	794100	1185	1	0	2167
ET_SAMEA111348511_contig1	A/SA-1	99.832	1191	2	0	783323	784513	1191	1	0	2189
ET_SAMEA111348512_contig1	Ba/Apache2	99.662	1185	4	0	775309	776493	1185	1	0	2167
ET_SAMEA111348513_contig1	Ba/Apache2	99.662	1185	4	0	785105	786289	1185	1	0	2167
ET_SAMEA111348514_contig1	Ba/Apache2	99.662	1185	4	0	784924	786108	1185	1	0	2167
ET_SAMEA111348517_contig1	Ba/Apache2	99.662	1185	4	0	787656	788840	1185	1	0	2167
ET_SAMEA111348518_contig1	Ba/Apache2	99.662	1185	4	0	787445	788629	1185	1	0	2167
ET_SAMEA111348519_contig1	A/SA-1	99.832	1191	2	0	791648	792838	1191	1	0	2189
ET_SAMEA111348522_contig1	A/SA-1	100	978	0	0	794278	795255	978	1	0	1807
ET_SAMEA111348524_contig1	Ba/Apache2	99.662	1185	4	0	809036	810220	1185	1	0	2167
ET_SAMEA12814119_contig1	Ba/Apache2	99.662	1185	4	0	792970	794154	1185	1	0	2167
ET_SAMEA12814120_contig1	Ba/Apache2	99.662	1185	4	0	793041	794225	1185	1	0	2167
ET_SAMEA12814121_contig1	Ba/Apache2	99.662	1185	4	0	792589	793773	1185	1	0	2167
ET_SAMEA12814122_contig1	Ba/Apache2	99.662	1185	4	0	792924	794108	1185	1	0	2167
ET_SAMEA12814123_contig1	A/SA-1	99.832	1191	2	0	784099	785289	1191	1	0	2189
ET_SAMEA12814125_contig1	Ba/Apache2	99.662	1185	4	0	792645	793829	1185	1	0	2167
ET_SAMEA12814126_contig1	Ba/Apache2	99.662	1185	4	0	792921	794105	1185	1	0	2167
ET_SAMEA12814127_contig1	A/SA-1	99.831	1184	2	0	786221	787404	1184	1	0	2176
ET_SAMEA12814128_contig1	Ba/Apache2	99.662	1185	4	0	779490	780674	1185	1	0	2167
ET_SAMEA12814129_contig1	Ba/Apache2	99.662	1185	4	0	785401	786585	1185	1	0	2167
ET_SAMEA12814133_contig1	A/SA-1	99.832	1191	2	0	783415	784605	1191	1	0	2189
ET_SAMEA12814135_contig1	Ba/Apache2	99.662	1185	4	0	785136	786320	1185	1	0	2167
ET_SAMEA12814136_contig1	Ba/Apache2	99.662	1185	4	0	792509	793693	1185	1	0	2167
ET_SAMEA12814139_contig1	A/SA-1	99.832	1191	2	0	786251	787441	1191	1	0	2189
ET_SAMEA12814146_contig1	Ba/Apache2	99.662	1185	4	0	785017	786201	1185	1	0	2167
ET_SAMEA12814147_contig1	Ba/Apache2	99.662	1185	4	0	785501	786685	1185	1	0	2167
ET_SAMEA12814148_contig1	Ba/Apache2	99.662	1185	4	0	785770	786954	1185	1	0	2167
ET_SAMEA12814160_contig1	Ba/Apache2	99.662	1185	4	0	799312	800496	1185	1	0	2167
ET_SAMEA6872263_contig1	A/SA-1	99.748	1191	3	0	729231	730421	1191	1	0	2183
ET_SAMEA6872264_contig1	A/SA-1	99.748	1191	3	0	579171	580361	1191	1	0	2183
ET_SAMEA6872265_contig1	Ba/Apache2	99.578	1185	5	0	795676	796860	1185	1	0	2161
ET_SAMEA6872266_contig1	Ba/Apache2	99.578	1185	5	0	941954	943138	1185	1	0	2161
ET_SAMEA6872267_contig1	Ba/Apache2	99.578	1185	5	0	941821	943005	1185	1	0	2161
ET_SAMEA6872268_contig1	Ba/Apache2	99.578	1185	5	0	729349	730533	1185	1	0	2161
ET_SAMEA6872269_contig1	Ba/Apache2	99.578	1185	5	0	963980	965164	1185	1	0	2161
ET_SAMEA6872272_contig1	Ba/Apache2	99.578	1185	5	0	77153	78337	1185	1	0	2161
ET_SAMEA6872274_contig1	A/SA-1	99.832	1191	2	0	964103	965293	1191	1	0	2189
ET_SAMEA6872276_contig1	Ba/Apache2	99.578	1185	5	0	963969	965153	1185	1	0	2161
ET_SAMEA6872277_contig1	Ba/Apache2	99.578	1185	5	0	729374	730558	1185	1	0	2161
ET_SAMEA6872279_contig1	A/SA-1	99.748	1191	3	0	940935	942125	1191	1	0	2183
ET_SAMEA6872280_contig1	A/SA-1	99.748	1191	3	0	962594	963784	1191	1	0	2183
ET_SAMEA6872281_contig1	A/SA-1	99.832	1191	2	0	964283	965473	1191	1	0	2189
ET_SAMEA6872282_contig1	A/SA-1	99.748	1191	3	0	727997	729187	1191	1	0	2183
ET_SAMEA6872283_contig1	Ba/Apache2	99.578	1185	5	0	941751	942935	1185	1	0	2161
ET_SAMEA6872284_contig1	A/SA-1	99.832	1191	2	0	962882	964072	1191	1	0	2189
ET_SAMEA6872285_contig1	A/SA-1	99.832	1191	2	0	729049	730239	1191	1	0	2189
ET_SAMEA6872286_contig1	Ba/Apache2	99.578	1185	5	0	580683	581867	1185	1	0	2161
ET_SAMEA6872287_contig1	Ba/Apache2	99.578	1185	5	0	941905	943089	1185	1	0	2161
ET_SAMEA6872288_contig1	Ba/Apache2	99.662	1185	4	0	722003	723187	1185	1	0	2167
ET_SAMEA6872289_contig1	Ba/Apache2	99.578	1185	5	0	777845	779029	1185	1	0	2161
ET_SAMEA6872290_contig1	Ba/Apache2	99.662	1185	4	0	247722	248906	1185	1	0	2167
ET_SAMEA6872291_contig1	A/SA-1	99.748	1191	3	0	962915	964105	1191	1	0	2183
ET_SAMEA6872292_contig1	A/SA-1	99.748	1191	3	0	206597	207787	1191	1	0	2183
ET_SAMEA6872293_contig1	A/SA-1	99.748	1191	3	0	940565	941755	1191	1	0	2183
ET_SAMEA6872294_contig1	A/SA-1	99.748	1191	3	0	728164	729354	1191	1	0	2183
ET_SAMEA6872295_contig1	A/SA-1	99.832	1191	2	0	727960	729150	1191	1	0	2189
ET_SAMEA6872296_contig1	A/SA-1	99.664	1191	4	0	963028	964218	1191	1	0	2178
ET_SAMEA6872297_contig1	A/SA-1	99.832	1191	2	0	798062	799252	1191	1	0	2189
ET_SAMEA6872298_contig1	A/SA-1	99.748	1191	3	0	206584	207774	1191	1	0	2183
ET_SAMEA6872299_contig1	A/SA-1	99.832	1191	2	0	487610	488800	1191	1	0	2189
ET_SAMEA6872300_contig1	A/SA-1	99.748	1191	3	0	962609	963799	1191	1	0	2183
ET_SAMEA6872301_contig1	A/SA-1	99.832	1191	2	0	206592	207782	1191	1	0	2189
ET_SAMEA6872302_contig1	A/SA-1	99.832	1191	2	0	727981	729171	1191	1	0	2189
ET_SAMEA6872303_contig1	A/SA-1	99.832	1191	2	0	727975	729165	1191	1	0	2189
ET_SAMEA6872304_contig1	Ba/Apache2	99.578	1185	5	0	838877	840061	1185	1	0	2161
ET_SAMEA6872305_contig1	Ba/Apache2	99.578	1185	5	0	206592	207776	1185	1	0	2161
ET_SAMEA6872306_contig1	Ba/Apache2	99.578	1185	5	0	206589	207773	1185	1	0	2161
ET_SAMEA6872307_contig1	Ba/Apache2	99.662	1185	4	0	964139	965323	1185	1	0	2167
ET_SAMEA6872308_contig1	Ba/Apache2	99.578	1185	5	0	963865	965049	1185	1	0	2161
ET_SAMEA6872309_contig1	A/SA-1	99.832	1191	2	0	941885	943075	1191	1	0	2189
ET_SAMEA6872310_contig1	Ba/Apache2	99.578	1185	5	0	729455	730639	1185	1	0	2161
ET_SAMEA6872311_contig1	Ba/Apache2	99.662	1185	4	0	964076	965260	1185	1	0	2167
ET_SAMEA6872312_contig1	Ba/Apache2	99.578	1185	5	0	206644	207828	1185	1	0	2161
ET_SAMEA6872313_contig1	Ba/Apache2	99.578	1185	5	0	964075	965259	1185	1	0	2161
ET_SAMEA6872314_contig1	Ba/Apache2	99.578	1185	5	0	799725	800909	1185	1	0	2161
ET_SAMEA6872315_contig1	A/SA-1	99.832	1191	2	0	962910	964100	1191	1	0	2189
ET_SAMEA6872316_contig1	Ba/Apache2	99.578	1185	5	0	781539	782723	1185	1	0	2161
ET_SAMEA6872317_contig1	A/SA-1	99.748	1191	3	0	722387	723577	1191	1	0	2183
ET_SAMEA6872318_contig1	A/SA-1	99.832	1191	2	0	962806	963996	1191	1	0	2189
ET_SAMEA6872319_contig1	Ba/Apache2	99.578	1185	5	0	963853	965037	1185	1	0	2161
ET_SAMEA6872320_contig1	Ba/Apache2	99.578	1185	5	0	729292	730476	1185	1	0	2161
ET_SAMEA6872321_contig1	Ba/Apache2	99.578	1185	5	0	782818	784002	1185	1	0	2161
ET_SAMEA6872322_contig1	A/SA-1	99.832	1191	2	0	783043	784233	1191	1	0	2189
ET_SAMEA6872324_contig1	A/SA-1	99.832	1191	2	0	935863	937053	1191	1	0	2189
ET_SAMEA6872325_contig1	A/SA-1	99.832	1191	2	0	247858	249048	1191	1	0	2189
ET_SAMEA6872326_contig1	Ba/Apache2	99.578	1185	5	0	729295	730479	1185	1	0	2161
ET_SAMEA6872327_contig1	Ba/Apache2	99.578	1185	5	0	786431	787615	1185	1	0	2161
ET_SAMEA6872328_contig1	Ba/Apache2	99.578	1185	5	0	729357	730541	1185	1	0	2161
ET_SAMEA6872329_contig1	Ba/Apache2	99.662	1185	4	0	729149	730333	1185	1	0	2167
ET_SAMEA6872330_contig1	Ba/Apache2	99.578	1185	5	0	941947	943131	1185	1	0	2161
ET_SAMEA6872331_contig1	Ba/Apache2	99.578	1185	5	0	729587	730771	1185	1	0	2161
ET_SAMEA6872332_contig1	A/SA-1	99.748	1191	3	0	831562	832752	1191	1	0	2183
ET_SAMEA6872333_contig1	Ba/Apache2	99.578	1185	5	0	963871	965055	1185	1	0	2161
ET_SAMEA6872334_contig1	A/SA-1	99.832	1191	2	0	578932	580122	1191	1	0	2189
ET_SAMEA6872335_contig1	Ba/Apache2	99.578	1185	5	0	941974	943158	1185	1	0	2161
ET_SAMEA6872336_contig1	A/SA-1	99.748	1191	3	0	727871	729061	1191	1	0	2183
ET_SAMEA6872337_contig1	A/SA-1	99.748	1191	3	0	727851	729041	1191	1	0	2183
ET_SAMEA6872338_contig1	Ba/Apache2	99.662	1185	4	0	963787	964971	1185	1	0	2167
ET_SAMEA6872339_contig1	A/SA-1	99.748	1191	3	0	727893	729083	1191	1	0	2183
ET_SAMEA6872340_contig1	A/SA-1	99.748	1191	3	0	206607	207797	1191	1	0	2183
ET_SAMEA6872341_contig1	A/SA-1	99.748	1191	3	0	487503	488693	1191	1	0	2183
ET_SAMEA6872342_contig1	A/SA-1	99.748	1191	3	0	798916	800106	1191	1	0	2183
ET_SAMEA6872343_contig1	Ba/Apache2	99.578	1185	5	0	963787	964971	1185	1	0	2161
ET_SAMEA6872344_contig1	Ba/Apache2	99.578	1185	5	0	729109	730293	1185	1	0	2161
ET_SAMEA6872345_contig1	A/SA-1	99.748	1191	3	0	963004	964194	1191	1	0	2183
ET_SAMEA6872346_contig1	A/SA-1	99.748	1191	3	0	247815	249005	1191	1	0	2183
ET_SAMEA6872347_contig1	A/SA-1	99.832	1191	2	0	940697	941887	1191	1	0	2189
ET_SAMEA6872348_contig1	A/SA-1	99.832	1191	2	0	729303	730493	1191	1	0	2189
ET_SAMEA6872349_contig1	A/SA-1	99.832	1191	2	0	838919	840109	1191	1	0	2189
ET_SAMEA6872350_contig1	A/SA-1	99.748	1191	3	0	583518	584708	1191	1	0	2183
ET_SAMEA6872351_contig1	A/SA-1	99.748	1191	3	0	729315	730505	1191	1	0	2183
ET_SAMEA6872352_contig1	A/SA-1	99.748	1191	3	0	727715	728905	1191	1	0	2183
ET_SAMEA6872353_contig1	Ba/Apache2	99.578	1185	5	0	963836	965020	1185	1	0	2161
ET_SAMEA6872354_contig1	A/SA-1	99.832	1191	2	0	783866	785056	1191	1	0	2189
ET_SAMEA6872355_contig1	Ba/Apache2	99.578	1185	5	0	963866	965050	1185	1	0	2161
ET_SAMEA6872356_contig1	Ba/Apache2	99.578	1185	5	0	783802	784986	1185	1	0	2161
ET_SAMEA6872357_contig1	Ba/Apache2	99.578	1185	5	0	941949	943133	1185	1	0	2161
ET_SAMEA6872358_contig1	Ba/Apache2	99.578	1185	5	0	729409	730593	1185	1	0	2161
ET_SAMEA6872359_contig1	A/SA-1	99.748	1191	3	0	728218	729408	1191	1	0	2183
ET_SAMEA6872360_contig1	A/SA-1	99.748	1191	3	0	487654	488844	1191	1	0	2183
ET_SAMEA8792223_contig1	A/SA-1	99.832	1191	2	0	791783	792973	1191	1	0	2189
ET_SAMEA8792224_contig1	A/SA-1	99.832	1191	2	0	791637	792827	1191	1	0	2189
ET_SAMEA8792225_contig1	Ba/Apache2	99.662	1185	4	0	792753	793937	1185	1	0	2167
ET_SAMEA8792227_contig1	Ba/Apache2	99.662	1185	4	0	792901	794085	1185	1	0	2167
ET_SAMEA8792228_contig1	Ba/Apache2	99.662	1185	4	0	792815	793999	1185	1	0	2167
ET_SAMEA8792230_contig1	A/SA-1	99.832	1191	2	0	791664	792854	1191	1	0	2189
ET_SAMEA8792232_contig1	A/SA-1	99.832	1191	2	0	791808	792998	1191	1	0	2189
ET_SAMEA8792233_contig1	A/SA-1	99.832	1191	2	0	791241	792431	1191	1	0	2189
ET_SAMEA8792240_contig1	A/SA-1	99.832	1191	2	0	791814	793004	1191	1	0	2189
ET_SAMEA8792241_contig1	A/SA-1	99.832	1191	2	0	791946	793136	1191	1	0	2189
ET_SAMEA8792243_contig1	Ba/Apache2	99.662	1185	4	0	793043	794227	1185	1	0	2167
ET_SAMEA8792247_contig1	A/SA-1	99.832	1191	2	0	791488	792678	1191	1	0	2189
ET_SAMEA8792249_contig1	Ba/Apache2	99.662	1185	4	0	792832	794016	1185	1	0	2167
ET_SAMEA8792250_contig1	A/SA-1	99.832	1191	2	0	791844	793034	1191	1	0	2189
ET_SAMEA8792252_contig1	Ba/Apache2	99.662	1185	4	0	784504	785688	1185	1	0	2167
ET_SAMEA8792254_contig1	Ba/Apache2	99.662	1185	4	0	793151	794335	1185	1	0	2167
ET_SAMEA8792257_contig1	Ba/Apache2	99.662	1185	4	0	792543	793727	1185	1	0	2167
ET_SAMEA8792258_contig1	Ba/Apache2	99.662	1185	4	0	792541	793725	1185	1	0	2167
ET_SAMEA8792259_contig1	Ba/Apache2	99.662	1185	4	0	792858	794042	1185	1	0	2167
ET_SAMEA8792265_contig1	A/SA-1	99.832	1191	2	0	791302	792492	1191	1	0	2189
ET_SAMEA8792274_contig1	Ba/Apache2	99.662	1185	4	0	806451	807635	1185	1	0	2167
FN_SAMEA1903244_contig1	Ba/Apache2	98.903	1185	13	0	727956	729140	1185	1	0	2117
GA_SAMEA114595291_contig1	Ba/Apache2	99.409	1185	7	0	828687	829871	1185	1	0	2150
GA_SAMEA114595292_contig1	Ba/Apache2	99.325	1185	8	0	411968	413152	1185	1	0	2145
GA_SAMEA114595293_contig1	Ba/Apache2	99.409	1185	7	0	579271	580455	1185	1	0	2150
GA_SAMEA114595294_contig1	Ba/Apache2	99.325	1185	8	0	411966	413150	1185	1	0	2145
GA_SAMEA114595295_contig1	Ba/Apache2	99.409	1185	7	0	412106	413290	1185	1	0	2150
GA_SAMEA114595296_contig1	Ba/Apache2	99.409	1185	7	0	726867	728051	1185	1	0	2150
GA_SAMEA114595297_contig1	Ba/Apache2	99.409	1185	7	0	411969	413153	1185	1	0	2150
GA_SAMEA114595298_contig1	Ba/Apache2	99.409	1185	7	0	941783	942967	1185	1	0	2150
GA_SAMEA114595299_contig1	Ba/Apache2	99.409	1185	7	0	411966	413150	1185	1	0	2150
GA_SAMEA114595300_contig1	Ba/Apache2	99.409	1185	7	0	412092	413276	1185	1	0	2150
GA_SAMEA114595301_contig1	Ba/Apache2	99.409	1185	7	0	941782	942966	1185	1	0	2150
GA_SAMEA114595302_contig1	Ba/Apache2	99.409	1185	7	0	527525	528709	1185	1	0	2150
GA_SAMEA114595303_contig1	Ba/Apache2	99.325	1185	8	0	838571	839755	1185	1	0	2145
GA_SAMEA114595304_contig1	Ba/Apache2	99.409	1185	7	0	964013	965197	1185	1	0	2150
GA_SAMEA114595305_contig1	Ba/Apache2	99.409	1185	7	0	411970	413154	1185	1	0	2150
GA_SAMEA114595306_contig1	A/SA-1	99.496	1191	6	0	729356	730546	1191	1	0	2167
GA_SAMEA114595307_contig1	A/SA-1	99.664	1191	4	0	487396	488586	1191	1	0	2178
GA_SAMEA114595308_contig1	A/SA-1	99.664	1191	4	0	206625	207815	1191	1	0	2178
GA_SAMEA114595309_contig1	A/SA-1	99.664	1191	4	0	823929	825119	1191	1	0	2178
GA_SAMEA114595310_contig1	A/SA-1	99.664	1191	4	0	713066	714256	1191	1	0	2178
GA_SAMEA114595311_contig1	A/SA-1	99.664	1191	4	0	985576	986766	1191	1	0	2178
GA_SAMEA114595312_contig1	A/SA-1	99.664	1191	4	0	782259	783449	1191	1	0	2178
GA_SAMEA114595313_contig1	A/SA-1	99.664	1191	4	0	321928	323118	1191	1	0	2178
GA_SAMEA114595314_contig1	Ba/Apache2	99.494	1185	6	0	942350	943534	1185	1	0	2156
GA_SAMEA114595315_contig1	Ba/Apache2	99.494	1185	6	0	729611	730795	1185	1	0	2156
GA_SAMEA114595316_contig1	Ba/Apache2	99.494	1185	6	0	729345	730529	1185	1	0	2156
GA_SAMEA114595317_contig1	A/SA-1	99.664	1191	4	0	487724	488914	1191	1	0	2178
GA_SAMEA114595319_contig1	Ba/Apache2	99.494	1185	6	0	964006	965190	1185	1	0	2156
GA_SAMEA114595320_contig1	Ba/Apache2	99.494	1185	6	0	579351	580535	1185	1	0	2156
GA_SAMEA114595321_contig1	A/SA-1	99.633	1091	4	0	822867	823957	1191	101	0	1993
GA_SAMEA114595321_contig1	A/SA-1	100	185	0	0	824058	824242	185	1	1.78E-93	342
GA_SAMEA114595321_contig5	Ba/Apache2	99.447	1085	6	0	1	1085	101	1185	0	1971
GA_SAMEA114595322_contig1	Ba/Apache2	99.494	1185	6	0	729513	730697	1185	1	0	2156
GA_SAMEA114595323_contig1	Ba/Apache2	99.494	1185	6	0	411938	413122	1185	1	0	2156
GA_SAMEA114595324_contig1	Ba/Apache2	99.494	1185	6	0	247894	249078	1185	1	0	2156
GA_SAMEA114595325_contig1	Ba/Apache2	99.494	1185	6	0	729517	730701	1185	1	0	2156
GA_SAMEA114595326_contig1	Ba/Apache2	99.494	1185	6	0	412303	413487	1185	1	0	2156
GA_SAMEA114595327_contig1	Ba/Apache2	99.494	1185	6	0	729454	730638	1185	1	0	2156
GA_SAMEA114595328_contig1	A/SA-1	99.664	1191	4	0	206608	207798	1191	1	0	2178
GA_SAMEA114595329_contig1	A/SA-1	99.664	1191	4	0	487490	488680	1191	1	0	2178
GA_SAMEA114595330_contig1	Ba/Apache2	99.494	1185	6	0	729338	730522	1185	1	0	2156
GA_SAMEA1398403_contig1	A/SA-1	99.412	1191	7	0	728935	730125	1191	1	0	2161
GA_SAMEA1527878_contig1	A/SA-1	99.664	1191	4	0	247666	248856	1191	1	0	2178
GA_SAMEA1527918_contig1	Ba/Apache2	99.494	1185	6	0	728942	730126	1185	1	0	2156
GA_SAMEA1559267_contig1	Ba/Apache2	99.494	1185	6	0	729153	730337	1185	1	0	2156
GB_SAMEA3859873_contig1	A/SA-1	99.664	1191	4	0	771508	772698	1191	1	0	2178
GB_SAMEA3859875_contig1	A/SA-1	99.748	1191	3	0	793116	794306	1191	1	0	2183
GB_SAMEA3859876_contig1	A/SA-1	99.748	1191	3	0	793027	794217	1191	1	0	2183
GB_SAMEA3859877_contig1	Ba/Apache2	99.494	1185	6	0	792863	794047	1185	1	0	2156
GB_SAMEA3859878_contig1	A/SA-1	99.664	1191	4	0	785678	786868	1191	1	0	2178
GB_SAMEA3859880_contig1	A/SA-1	99.748	1191	3	0	793014	794204	1191	1	0	2183
GB_SAMEA3859881_contig1	A/SA-1	99.748	1191	3	0	792847	794037	1191	1	0	2183
GB_SAMEA3859884_contig1	A/SA-1	99.664	1191	4	0	778737	779927	1191	1	0	2178
GB_SAMEA3859885_contig1	Ba/Apache2	99.409	1185	7	0	793020	794204	1185	1	0	2150
GB_SAMEA3859886_contig1	A/SA-1	99.748	1191	3	0	792942	794132	1191	1	0	2183
GB_SAMEA3859887_contig1	A/SA-1	99.748	1191	3	0	792714	793904	1191	1	0	2183
GB_SAMEA3859888_contig1	A/SA-1	99.748	1191	3	0	792436	793626	1191	1	0	2183
GB_SAMEA3859889_contig1	A/SA-1	99.748	1191	3	0	792278	793468	1191	1	0	2183
GB_SAMEA3859894_contig1	A/SA-1	99.748	1191	3	0	792707	793897	1191	1	0	2183
GB_SAMEA3859895_contig1	A/SA-1	99.748	1191	3	0	785580	786770	1191	1	0	2183
GB_SAMEA3859896_contig1	Ba/Apache2	99.494	1185	6	0	792963	794147	1185	1	0	2156
GB_SAMEA3859897_contig1	A/SA-1	99.664	1191	4	0	793115	794305	1191	1	0	2178
GB_SAMEA3859897_contig4	A/SA-1	100	111	0	0	1	111	349	239	2.17E-56	206
GB_SAMEA3859899_contig1	A/SA-1	99.664	1191	4	0	784520	785710	1191	1	0	2178
GB_SAMEA3859900_contig1	A/SA-1	99.748	1191	3	0	792710	793900	1191	1	0	2183
GB_SAMEA3859904_contig1	A/SA-1	99.748	1191	3	0	792699	793889	1191	1	0	2183
GB_SAMEA3859905_contig1	A/SA-1	99.664	1191	4	0	761023	762213	1191	1	0	2178
GB_SAMEA3859909_contig1	Ba/Apache2	99.494	1185	6	0	784736	785920	1185	1	0	2156
GB_SAMEA3859915_contig1	A/SA-1	99.748	1191	3	0	785207	786397	1191	1	0	2183
GB_SAMEA3859922_contig1	A/SA-1	99.664	1191	4	0	786298	787488	1191	1	0	2178
GB_SAMEA3859927_contig1	A/SA-1	99.748	1191	3	0	792667	793857	1191	1	0	2183
GB_SAMEA3859928_contig1	Ba/Apache2	99.325	1185	8	0	784524	785708	1185	1	0	2145
GB_SAMEA3859931_contig1	A/SA-1	99.748	1191	3	0	784846	786036	1191	1	0	2183
GB_SAMEA3859933_contig1	A/SA-1	99.748	1191	3	0	786038	787228	1191	1	0	2183
GB_SAMEA3859936_contig1	A/SA-1	99.664	1191	4	0	769450	770640	1191	1	0	2178
GB_SAMEA3859942_contig1	Ba/Apache2	99.494	1185	6	0	781811	782995	1185	1	0	2156
GB_SAMEA3859943_contig1	A/SA-1	99.664	1191	4	0	715263	716453	1191	1	0	2178
GB_SAMEA3859944_contig1	Ba/Apache2	99.494	1185	6	0	247711	248895	1185	1	0	2156
GB_SAMEA3859945_contig1	A/SA-1	99.748	1191	3	0	248049	249239	1191	1	0	2183
GB_SAMEA3859946_contig1	A/SA-1	99.664	1191	4	0	247693	248883	1191	1	0	2178
GB_SAMEA3859946_contig3	Ba/Apache2	99.433	1059	6	0	1	1059	119	1177	0	1923
GB_SAMEA3859947_contig1	A/SA-1	99.748	1191	3	0	247693	248883	1191	1	0	2183
GB_SAMEA3859948_contig1	A/SA-1	99.748	1191	3	0	601344	602534	1191	1	0	2183
GB_SAMEA3859949_contig1	A/SA-1	99.748	1191	3	0	247716	248906	1191	1	0	2183
GB_SAMEA3859950_contig1	Ba/Apache2	99.494	1185	6	0	247655	248839	1185	1	0	2156
KI_SAMEA5996367_contig1	C/TW3/OT	99.749	1194	3	0	792911	794104	1194	1	0	2189
KI_SAMEA5996368_contig1	C/TW3/OT	99.749	1194	3	0	793138	794331	1194	1	0	2189
KI_SAMEA5996369_contig1	C/TW3/OT	99.749	1194	3	0	792706	793899	1194	1	0	2189
KI_SAMEA5996370_contig1	C/TW3/OT	99.665	1194	4	0	792916	794109	1194	1	0	2183
KI_SAMEA5996371_contig1	C/TW3/OT	99.749	1194	3	0	792596	793789	1194	1	0	2189
KI_SAMEA5996372_contig1	C/TW3/OT	99.749	1194	3	0	792810	794003	1194	1	0	2189
KI_SAMEA5996373_contig1	C/TW3/OT	99.749	1194	3	0	793011	794204	1194	1	0	2189
KI_SAMEA5996374_contig1	C/TW3/OT	99.749	1194	3	0	792931	794124	1194	1	0	2189
KI_SAMEA5996376_contig1	C/TW3/OT	99.749	1194	3	0	792971	794164	1194	1	0	2189
KI_SAMEA5996378_contig1	C/TW3/OT	99.749	1194	3	0	792903	794096	1194	1	0	2189
KI_SAMEA5996379_contig1	C/TW3/OT	99.749	1194	3	0	792674	793867	1194	1	0	2189
KI_SAMEA5996387_contig1	C/TW3/OT	99.749	1194	3	0	792977	794170	1194	1	0	2189
KI_SAMEA5996390_contig1	C/TW3/OT	99.749	1194	3	0	792529	793722	1194	1	0	2189
KI_SAMEA5996391_contig1	C/TW3/OT	99.749	1194	3	0	781520	782713	1194	1	0	2189
NL_SAMEA1559219_contig1	Ba/Apache2	98.987	1185	12	0	247354	248538	1185	1	0	2122
NP_230807_contig1	C/TW3/OT	99.916	1194	1	0	781741	782934	1194	1	0	2200
NP_236207_contig1	C/TW3/OT	99.916	1194	1	0	782369	783562	1194	1	0	2200
NP_246617_contig1	C/TW3/OT	99.916	1194	1	0	782325	783518	1194	1	0	2200
NP_247505_contig1	C/TW3/OT	99.832	1194	2	0	783145	784338	1194	1	0	2194
NP_36405_contig1	C/TW3/OT	99.832	1194	2	0	780202	781395	1194	1	0	2194
SA_SAMEA1559290_contig1	Ba/Apache2	99.747	1185	3	0	941373	942557	1185	1	0	2172
SA_SAMEA2030037_contig1	A/SA-1	99.58	1191	5	0	791994	793184	1191	1	0	2172
SA_SAMEA2030037_contig4	L2c	100	1009	0	0	1	1009	1009	1	0	1864
SD_SAMEA5571957_contig1	A/SA-1	99.58	1191	5	0	206599	207789	1191	1	0	2172
SD_SAMEA5571958_contig1	A/SA-1	99.58	1191	5	0	206574	207764	1191	1	0	2172
SD_SAMEA5571959_contig1	A/SA-1	99.58	1191	5	0	537207	538397	1191	1	0	2172
SD_SAMEA5571960_contig1	A/SA-1	99.664	1191	4	0	206636	207826	1191	1	0	2178
SD_SAMEA5571961_contig1	A/SA-1	99.58	1191	5	0	411751	412941	1191	1	0	2172
SD_SAMEA5571962_contig1	A/SA-1	99.664	1191	4	0	411762	412952	1191	1	0	2178
SD_SAMEA5571963_contig1	A/SA-1	99.664	1191	4	0	941158	942348	1191	1	0	2178
SD_SAMEA5571964_contig1	A/SA-1	99.664	1191	4	0	247567	248757	1191	1	0	2178
SD_SAMEA5571965_contig1	A/SA-1	99.58	1191	5	0	941158	942348	1191	1	0	2172
SD_SAMEA5571966_contig1	A/SA-1	99.16	1191	10	0	808122	809312	1191	1	0	2145
SD_SAMEA5571966_contig10	A/SA-1	100	190	0	0	1	190	645	834	4.78E-100	351
SD_SAMEA5571966_contig5	A/SA-1	100	430	0	0	1	430	306	735	0	795
SD_SAMEA5571966_contig9	K/UW31/Cx	98.947	190	2	0	1	190	645	834	1.04E-96	340
SD_SAMEA5571966_contig97	A/SA-1	100	183	0	0	1	183	214	396	3.58E-96	339
SD_SAMEA5571967_contig1	A/SA-1	99.664	1191	4	0	597263	598453	1191	1	0	2178
SD_SAMEA5571968_contig1	A/SA-1	99.664	1191	4	0	824013	825203	1191	1	0	2178
SW_SAMEA1398311_contig1	G/UW57/Cx	99.916	1188	1	0	727233	728420	1188	1	0	2189
SW_SAMEA1398346_contig1	E/Bour	100	1182	0	0	727683	728864	1182	1	0	2183
TW_SAMEA1973344_contig1	C/TW3/OT	100	1194	0	0	728847	730040	1194	1	0	2206
TZ_SAMEA13468937_contig1	Ba/Apache2	99.578	1185	5	0	247671	248855	1185	1	0	2161
TZ_SAMEA13468938_contig1	Ba/Apache2	99.578	1185	5	0	729164	730348	1185	1	0	2161
TZ_SAMEA13468939_contig1	Ba/Apache2	99.578	1185	5	0	729163	730347	1185	1	0	2161
TZ_SAMEA13468940_contig1	Ba/Apache2	99.578	1185	5	0	729392	730576	1185	1	0	2161
TZ_SAMEA13468941_contig1	Ba/Apache2	99.578	1185	5	0	728953	730137	1185	1	0	2161
TZ_SAMEA13468943_contig1	Ba/Apache2	99.578	1185	5	0	729164	730348	1185	1	0	2161
TZ_SAMEA13468944_contig1	Ba/Apache2	99.578	1185	5	0	937763	938947	1185	1	0	2161
TZ_SAMEA13468945_contig1	A/SA-1	99.412	1191	7	0	963919	965109	1191	1	0	2161
TZ_SAMEA13468946_contig1	A/SA-1	99.412	1191	7	0	247706	248896	1191	1	0	2161
TZ_SAMEA13468947_contig1	Ba/Apache2	99.578	1185	5	0	247713	248897	1185	1	0	2161
TZ_SAMEA13468949_contig1	Ba/Apache2	99.578	1185	5	0	788542	789726	1185	1	0	2161
TZ_SAMEA13468950_contig1	Ba/Apache2	99.494	1185	6	0	729348	730532	1185	1	0	2156
TZ_SAMEA13468952_contig1	Ba/Apache2	99.578	1185	5	0	724947	726131	1185	1	0	2161
TZ_SAMEA13468953_contig1	Ba/Apache2	99.578	1185	5	0	930986	932170	1185	1	0	2161
TZ_SAMEA13468956_contig1	Ba/Apache2	99.578	1185	5	0	206594	207778	1185	1	0	2161
TZ_SAMEA13468957_contig1	Ba/Apache2	99.578	1185	5	0	692657	693841	1185	1	0	2161
TZ_SAMEA13468959_contig1	Ba/Apache2	99.578	1185	5	0	247678	248862	1185	1	0	2161
TZ_SAMEA13468960_contig1	Ba/Apache2	99.578	1185	5	0	729606	730790	1185	1	0	2161
TZ_SAMEA13468962_contig1	Ba/Apache2	99.578	1185	5	0	206634	207818	1185	1	0	2161
TZ_SAMEA13468963_contig1	A/SA-1	99.412	1191	7	0	729450	730640	1191	1	0	2161
TZ_SAMEA13468964_contig1	A/SA-1	99.412	1191	7	0	942037	943227	1191	1	0	2161
TZ_SAMEA13468966_contig1	Ba/Apache2	99.578	1185	5	0	206598	207782	1185	1	0	2161
TZ_SAMEA13468967_contig1	Ba/Apache2	99.578	1185	5	0	206581	207765	1185	1	0	2161
TZ_SAMEA13468968_contig1	Ba/Apache2	99.494	1185	6	0	729378	730562	1185	1	0	2156
TZ_SAMEA13468969_contig1	Ba/Apache2	99.494	1185	6	0	807132	808316	1185	1	0	2156
TZ_SAMEA13468970_contig1	Ba/Apache2	99.494	1185	6	0	941878	943062	1185	1	0	2156
TZ_SAMEA13468971_contig1	Ba/Apache2	99.578	1185	5	0	247719	248903	1185	1	0	2161
TZ_SAMEA13468972_contig1	Ba/Apache2	99.578	1185	5	0	206575	207759	1185	1	0	2161
TZ_SAMEA13468973_contig1	Ba/Apache2	99.578	1185	5	0	133003	134187	1185	1	0	2161
TZ_SAMEA13468975_contig1	Ba/Apache2	99.578	1185	5	0	729280	730464	1185	1	0	2161
TZ_SAMEA13468977_contig1	Ba/Apache2	99.578	1185	5	0	247678	248862	1185	1	0	2161
TZ_SAMEA13468979_contig1	Ba/Apache2	99.578	1185	5	0	941704	942888	1185	1	0	2161
TZ_SAMEA13468980_contig1	Ba/Apache2	99.578	1185	5	0	206603	207787	1185	1	0	2161
TZ_SAMEA13468981_contig1	Ba/Apache2	99.578	1185	5	0	748520	749704	1185	1	0	2161
TZ_SAMEA1527841_contig1	A/SA-1	99.412	1191	7	0	247533	248723	1191	1	0	2161
TZ_SAMEA1527844_contig1	A/SA-1	99.412	1191	7	0	247683	248873	1191	1	0	2161
TZ_SAMEA1527846_contig1	A/SA-1	99.412	1191	7	0	628162	629352	1191	1	0	2161
TZ_SAMEA1527847_contig1	A/SA-1	99.412	1191	7	0	247683	248873	1191	1	0	2161
TZ_SAMEA1527848_contig1	A/SA-1	99.328	1191	8	0	628930	630120	1191	1	0	2156
TZ_SAMEA1527849_contig1	A/SA-1	99.412	1191	7	0	628789	629979	1191	1	0	2161
TZ_SAMEA1527851_contig1	A/SA-1	99.412	1191	7	0	628061	629251	1191	1	0	2161
TZ_SAMEA1527856_contig1	A/SA-1	99.412	1191	7	0	247683	248873	1191	1	0	2161
TZ_SAMEA1527859_contig1	A/SA-1	99.412	1191	7	0	247683	248873	1191	1	0	2161
TZ_SAMEA1527861_contig1	A/SA-1	99.412	1191	7	0	628223	629413	1191	1	0	2161
TZ_SAMEA1527864_contig1	A/SA-1	99.412	1191	7	0	440473	441663	1191	1	0	2161
TZ_SAMEA1527866_contig1	A/SA-1	99.412	1191	7	0	247683	248873	1191	1	0	2161
TZ_SAMEA1527867_contig1	A/SA-1	99.412	1191	7	0	1004257	1005447	1191	1	0	2161
TZ_SAMEA1527869_contig1	A/SA-1	99.412	1191	7	0	247683	248873	1191	1	0	2161
TZ_SAMEA1527873_contig1	A/SA-1	99.412	1191	7	0	728856	730046	1191	1	0	2161
TZ_SAMEA1527880_contig1	A/SA-1	99.412	1191	7	0	941671	942861	1191	1	0	2161
TZ_SAMEA1527882_contig1	A/SA-1	99.412	1191	7	0	940854	942044	1191	1	0	2161
TZ_SAMEA1527883_contig1	A/SA-1	99.412	1191	7	0	1004365	1005555	1191	1	0	2161
TZ_SAMEA1527887_contig1	A/SA-1	99.412	1191	7	0	43727	44917	1191	1	0	2161
TZ_SAMEA1527888_contig1	A/SA-1	99.412	1191	7	0	729367	730557	1191	1	0	2161
TZ_SAMEA1527891_contig1	A/SA-1	99.412	1191	7	0	729151	730341	1191	1	0	2161
TZ_SAMEA1527896_contig1	A/SA-1	99.412	1191	7	0	247533	248723	1191	1	0	2161
TZ_SAMEA1527899_contig1	A/SA-1	99.412	1191	7	0	247533	248723	1191	1	0	2161
TZ_SAMEA1527902_contig1	A/SA-1	99.412	1191	7	0	247683	248873	1191	1	0	2161
TZ_SAMEA1527903_contig1	A/SA-1	99.328	1191	8	0	247668	248858	1191	1	0	2156
TZ_SAMEA1527909_contig1	A/SA-1	99.328	1191	8	0	628302	629492	1191	1	0	2156
TZ_SAMEA1527910_contig1	A/SA-1	99.412	1191	7	0	941669	942859	1191	1	0	2161
TZ_SAMEA1527911_contig1	A/SA-1	99.412	1191	7	0	628262	629452	1191	1	0	2161
TZ_SAMEA1527917_contig1	A/SA-1	99.412	1191	7	0	247652	248842	1191	1	0	2161
TZ_SAMEA1527920_contig1	A/SA-1	99.412	1191	7	0	128280	129470	1191	1	0	2161
TZ_SAMEA1527921_contig1	A/SA-1	99.412	1191	7	0	838380	839570	1191	1	0	2161
TZ_SAMEA1527922_contig1	A/SA-1	99.412	1191	7	0	729616	730806	1191	1	0	2161
TZ_SAMEA1527924_contig1	A/SA-1	99.412	1191	7	0	247683	248873	1191	1	0	2161
TZ_SAMEA1527926_contig1	A/SA-1	99.412	1191	7	0	628043	629233	1191	1	0	2161
TZ_SAMEA1527929_contig1	A/SA-1	99.412	1191	7	0	247683	248873	1191	1	0	2161
TZ_SAMEA1527931_contig1	A/SA-1	99.412	1191	7	0	628441	629631	1191	1	0	2161
TZ_SAMEA1527932_contig1	A/SA-1	99.412	1191	7	0	247683	248873	1191	1	0	2161
TZ_SAMEA1527933_contig1	A/SA-1	99.412	1191	7	0	247683	248873	1191	1	0	2161
TZ_SAMEA1527936_contig1	A/SA-1	99.412	1191	7	0	175260	176450	1191	1	0	2161
TZ_SAMEA1527938_contig1	A/SA-1	99.412	1191	7	0	628851	630041	1191	1	0	2161
TZ_SAMEA1527940_contig1	A/SA-1	99.412	1191	7	0	729144	730334	1191	1	0	2161
TZ_SAMEA1527942_contig1	A/SA-1	99.412	1191	7	0	247718	248908	1191	1	0	2161
TZ_SAMEA901498_contig1	A/SA-1	99.412	1191	7	0	729242	730432	1191	1	0	2161
TZ_SAMEA901499_contig1	A/SA-1	99.412	1191	7	0	728951	730141	1191	1	0	2161
TZ_SAMEA9664041_contig1	A/SA-1	99.412	1191	7	0	780669	781859	1191	1	0	2161
TZ_SAMEA9664043_contig1	A/SA-1	99.412	1191	7	0	487711	488901	1191	1	0	2161
TZ_SAMEA9664044_contig1	A/SA-1	99.412	1191	7	0	821820	823010	1191	1	0	2161
TZ_SAMEA9664045_contig1	A/SA-1	99.412	1191	7	0	832357	833547	1191	1	0	2161
TZ_SAMEA9664046_contig1	A/SA-1	99.412	1191	7	0	935633	936823	1191	1	0	2161
TZ_SAMEA9664047_contig1	Ba/Apache2	99.578	1185	5	0	729270	730454	1185	1	0	2161
TZ_SAMEA9664049_contig1	A/SA-1	99.412	1191	7	0	615560	616750	1191	1	0	2161
TZ_SAMEA9664050_contig1	A/SA-1	99.412	1191	7	0	957776	958966	1191	1	0	2161
TZ_SAMEA9664051_contig1	A/SA-1	99.412	1191	7	0	206593	207783	1191	1	0	2161
TZ_SAMEA9664052_contig1	A/SA-1	99.412	1191	7	0	957680	958870	1191	1	0	2161
TZ_SAMEA9664053_contig1	A/SA-1	99.412	1191	7	0	247719	248909	1191	1	0	2161
TZ_SAMEA9664054_contig1	A/SA-1	99.328	1191	8	0	794241	795431	1191	1	0	2156
TZ_SAMEA9664056_contig1	Ba/Apache2	99.578	1185	5	0	729169	730353	1185	1	0	2161
TZ_SAMEA9664057_contig1	A/SA-1	99.412	1191	7	0	957680	958870	1191	1	0	2161
TZ_SAMEA9664059_contig1	A/SA-1	99.412	1191	7	0	957833	959023	1191	1	0	2161
TZ_SAMEA9664060_contig1	A/SA-1	99.412	1191	7	0	829445	830635	1191	1	0	2161
TZ_SAMEA9664061_contig1	A/SA-1	99.412	1191	7	0	942004	943194	1191	1	0	2161
TZ_SAMEA9664062_contig1	A/SA-1	99.412	1191	7	0	729290	730480	1191	1	0	2161
TZ_SAMEA9664063_contig1	A/SA-1	99.412	1191	7	0	964051	965241	1191	1	0	2161
TZ_SAMEA9664065_contig1	A/SA-1	99.412	1191	7	0	935633	936823	1191	1	0	2161
TZ_SAMEA9664066_contig1	A/SA-1	99.412	1191	7	0	206590	207780	1191	1	0	2161
TZ_SAMEA9664067_contig1	A/SA-1	99.412	1191	7	0	935633	936823	1191	1	0	2161
TZ_SAMEA9664068_contig1	A/SA-1	99.412	1191	7	0	935633	936823	1191	1	0	2161
TZ_SAMEA9664069_contig1	A/SA-1	99.412	1191	7	0	957794	958984	1191	1	0	2161
TZ_SAMEA9664070_contig1	A/SA-1	99.412	1191	7	0	785536	786726	1191	1	0	2161
TZ_SAMEA9664072_contig1	A/SA-1	99.412	1191	7	0	958404	959594	1191	1	0	2161
TZ_SAMEA9664073_contig1	A/SA-1	99.412	1191	7	0	247724	248914	1191	1	0	2161
TZ_SAMEA9664074_contig1	A/SA-1	99.412	1191	7	0	964051	965241	1191	1	0	2161
TZ_SAMEA9664075_contig1	A/SA-1	99.412	1191	7	0	729290	730480	1191	1	0	2161
TZ_SAMEA9664078_contig1	A/SA-1	99.412	1191	7	0	729299	730489	1191	1	0	2161
TZ_SAMEA9664079_contig1	A/SA-1	99.412	1191	7	0	247712	248902	1191	1	0	2161
TZ_SAMEA9664080_contig1	A/SA-1	99.412	1191	7	0	247724	248914	1191	1	0	2161
TZ_SAMEA9664081_contig1	A/SA-1	99.412	1191	7	0	935633	936823	1191	1	0	2161
TZ_SAMEA9664082_contig1	A/SA-1	99.412	1191	7	0	729182	730372	1191	1	0	2161
TZ_SAMEA9664083_contig1	A/SA-1	99.412	1191	7	0	247707	248897	1191	1	0	2161
TZ_SAMEA9664084_contig1	A/SA-1	99.412	1191	7	0	832855	834045	1191	1	0	2161
TZ_SAMEA9664085_contig1	A/SA-1	99.412	1191	7	0	727754	728944	1191	1	0	2161
TZ_SAMEA9664086_contig1	Ba/Apache2	99.578	1185	5	0	729483	730667	1185	1	0	2161
TZ_SAMEA9664087_contig1	A/SA-1	99.412	1191	7	0	942004	943194	1191	1	0	2161
TZ_SAMEA9664088_contig1	A/SA-1	99.412	1191	7	0	206565	207755	1191	1	0	2161
TZ_SAMEA9664089_contig1	A/SA-1	99.412	1191	7	0	247719	248909	1191	1	0	2161
TZ_SAMEA9664090_contig1	A/SA-1	99.412	1191	7	0	957830	959020	1191	1	0	2161
TZ_SAMEA9664092_contig1	A/SA-1	99.412	1191	7	0	957789	958979	1191	1	0	2161
TZ_SAMEA9664095_contig1	A/SA-1	99.412	1191	7	0	957807	958997	1191	1	0	2161
TZ_SAMEA9664098_contig1	A/SA-1	99.412	1191	7	0	957914	959104	1191	1	0	2161
TZ_SAMEA9664099_contig1	A/SA-1	99.412	1191	7	0	726898	728088	1191	1	0	2161
TZ_SAMEA9664100_contig1	A/SA-1	99.412	1191	7	0	935621	936811	1191	1	0	2161
TZ_SAMEA9664101_contig1	A/SA-1	99.412	1191	7	0	942004	943194	1191	1	0	2161
TZ_SAMEA9664102_contig1	Ba/Apache2	99.494	1185	6	0	964031	965215	1185	1	0	2156
TZ_SAMEA9664103_contig1	A/SA-1	99.412	1191	7	0	964051	965241	1191	1	0	2161
TZ_SAMEA9664105_contig1	A/SA-1	99.412	1191	7	0	834965	836155	1191	1	0	2161
TZ_SAMEA9664107_contig1	A/SA-1	99.412	1191	7	0	964160	965350	1191	1	0	2161
TZ_SAMEA9664108_contig1	A/SA-1	99.412	1191	7	0	729482	730672	1191	1	0	2161
TZ_SAMEA9664109_contig1	A/SA-1	99.412	1191	7	0	964051	965241	1191	1	0	2161
TZ_SAMEA9664110_contig1	A/SA-1	99.412	1191	7	0	935800	936990	1191	1	0	2161
TZ_SAMEA9664111_contig1	A/SA-1	99.412	1191	7	0	957840	959030	1191	1	0	2161
TZ_SAMEA9664112_contig1	A/SA-1	99.412	1191	7	0	778119	779309	1191	1	0	2161
TZ_SAMEA9664113_contig1	Ba/Apache2	99.494	1185	6	0	729170	730354	1185	1	0	2156
TZ_SAMEA9664115_contig1	Ba/Apache2	99.578	1185	5	0	839159	840343	1185	1	0	2161
TZ_SAMEA9664116_contig1	Ba/Apache2	99.578	1185	5	0	729174	730358	1185	1	0	2161
TZ_SAMEA9664117_contig1	A/SA-1	99.412	1191	7	0	964173	965363	1191	1	0	2161
TZ_SAMEA9664118_contig1	A/SA-1	99.412	1191	7	0	935633	936823	1191	1	0	2161
TZ_SAMEA9664119_contig1	A/SA-1	99.412	1191	7	0	957829	959019	1191	1	0	2161
TZ_SAMEA9664120_contig1	A/SA-1	99.412	1191	7	0	957680	958870	1191	1	0	2161
TZ_SAMEA9664121_contig1	A/SA-1	99.412	1191	7	0	206587	207777	1191	1	0	2161
TZ_SAMEA9664122_contig1	A/SA-1	99.412	1191	7	0	957807	958997	1191	1	0	2161
TZ_SAMEA9664124_contig1	A/SA-1	99.412	1191	7	0	935633	936823	1191	1	0	2161
TZ_SAMEA9664125_contig1	A/SA-1	99.412	1191	7	0	935633	936823	1191	1	0	2161
TZ_SAMEA9664126_contig1	Ba/Apache2	99.578	1185	5	0	729170	730354	1185	1	0	2161
US_SAMEA1398227_contig1	Ba/Apache2	99.831	1185	2	0	729049	730233	1185	1	0	2178
US_SAMEA1903241_contig1	F/IC-CAL-13	100	1188	0	0	727221	728408	1188	1	0	2194
US_SAMEA767935_contig1	E/Bour	100	1182	0	0	727438	728619	1182	1	0	2183
VN_SAMEA104223450_contig1	Ba/Apache2	99.578	1185	5	0	788532	789716	1185	1	0	2161
VN_SAMEA104223451_contig1	Ba/Apache2	99.578	1185	5	0	804952	806136	1185	1	0	2161
VN_SAMEA104223455_contig1	Ba/Apache2	99.578	1185	5	0	796881	798065	1185	1	0	2161
VN_SAMEA104223461_contig1	Ba/Apache2	99.578	1185	5	0	789260	790444	1185	1	0	2161
VN_SAMEA104223462_contig1	Ba/Apache2	99.578	1185	5	0	796810	797994	1185	1	0	2161